{
 "cells": [
  {
   "cell_type": "code",
   "execution_count": 1907,
   "metadata": {},
   "outputs": [],
   "source": [
    "#import sys\n",
    "#!{sys.executable} -m pip install statsmodels"
   ]
  },
  {
   "cell_type": "code",
   "execution_count": 1908,
   "metadata": {},
   "outputs": [],
   "source": [
    "import function\n",
    "import plotly.express as px\n",
    "import pandas as pd\n",
    "import numpy as np\n",
    "import matplotlib\n",
    "import matplotlib.pyplot as plt\n",
    "from scipy.stats import skew, kurtosis, t, f\n",
    "\n",
    "from pandas.plotting import scatter_matrix\n",
    "import seaborn as sns\n",
    "from sklearn.preprocessing import LabelEncoder, Normalizer, OneHotEncoder\n",
    "from sklearn.linear_model import LogisticRegression, LinearRegression, LassoCV, RidgeCV\n",
    "from sklearn.model_selection import train_test_split\n",
    "import plotly.graph_objects as go\n",
    "from sklearn.metrics import accuracy_score\n",
    "import statsmodels.api as sm\n",
    "from statsmodels.stats.outliers_influence import variance_inflation_factor\n",
    "\n",
    "import plotly.graph_objs as go\n",
    "from ipywidgets import *\n",
    "from importlib import reload\n"
   ]
  },
  {
   "cell_type": "code",
   "execution_count": 1909,
   "metadata": {},
   "outputs": [
    {
     "name": "stdout",
     "output_type": "stream",
     "text": [
      "(3197, 25)\n",
      "Index(['Name', 'Style', 'Brewery', 'Beer Name (Full)', 'Description', 'ABV',\n",
      "       'Min IBU', 'Max IBU', 'Astringency', 'Body', 'Alcohol', 'Bitter',\n",
      "       'Sweet', 'Sour', 'Salty', 'Fruits', 'Hoppy', 'Spices', 'Malty',\n",
      "       'review_aroma', 'review_appearance', 'review_palate', 'review_taste',\n",
      "       'review_overall', 'number_of_reviews'],\n",
      "      dtype='object')\n"
     ]
    }
   ],
   "source": [
    "df = pd.read_csv(\"soMuchWorkIHadToDrinkOneBeer.csv\" )\n",
    "Y = df[\"review_overall\"]\n",
    "\n",
    "print(df.shape)\n",
    "print(df.columns)\n",
    "\n",
    "function = reload(function)\n"
   ]
  },
  {
   "attachments": {},
   "cell_type": "markdown",
   "metadata": {},
   "source": [
    "## Objective"
   ]
  },
  {
   "attachments": {},
   "cell_type": "markdown",
   "metadata": {},
   "source": [
    "the objective with this dataset is to be able to predict the \"review_overall\" of a beer \n",
    "\n",
    "we could also try to determine what factors have the most impact on a score and give feedback to improve a beer based on it's attributes :\n",
    "\n",
    "Here is an outline of the process:\n",
    "\n",
    "    -Collect a labeled dataset, where each entry is associated with a score and its attributes.\n",
    "    -Preprocess the data, including splitting it into training and testing sets.\n",
    "    -Train a model on the training set, using a supervised learning algorithm such as linear regression, decision tree, or random forest.\n",
    "    -Test the model on the testing set and evaluate its performance.\n",
    "    -Use the trained model to predict the score for a new entry with the attributes you want to change.\n",
    "    -Modify the attributes of the new entry and re-predict the score using the trained model.\n",
    "    -Compare the scores obtained before and after modifying the attributes to determine which attribute changes lead to an improvement in the score.\n",
    "\n",
    "It's worth noting that this process assumes that the relationship between the attributes and the score is linear or can be approximated by a linear model. If this is not the case, you may need to use a more complex model or consider other approaches to identify the attribute changes that lead to an improvement in the score."
   ]
  },
  {
   "attachments": {},
   "cell_type": "markdown",
   "metadata": {},
   "source": [
    "## Descriptive analysis "
   ]
  },
  {
   "attachments": {},
   "cell_type": "markdown",
   "metadata": {},
   "source": [
    "| - informative variables: | - Qualitative variables:   | - Quantitative variable: | - Scores: |\n",
    "|------|------|------|------|\n",
    "|   1 Name |1 Style|1 ABV|1 review_aroma\n",
    "|2 Full Name |2 brewery|2 Min IBU|2 review_appearance\n",
    "|3 description  | | 3 Max IBU|3 review_palate\n",
    "| | |4 Astringency|4 review_taste\n",
    "| | |5 Body|///////////////////////////////////|\n",
    "| | |6 Alcohol|5 review_overall\n",
    "| | |7 Bitter|\n",
    "| | |8 Sweet|\n",
    "| | |9 Sour|\n",
    "| | |10 Salty|\n",
    "| | |11 Fruits|\n",
    "| | |12 Hoppy|\n",
    "| | |13 Spices|\n",
    "| | |14 Malty| \n",
    "\n",
    "\n",
    "The informative variables don't give a lot of information about the score that are not already presents in the other variables. Therefore they wont be used \n",
    "\n",
    "The qualitative variables will be one-hot encoded to be treated as Quantitative variables \n",
    "\n",
    "The Quantitative variables will be used as his \n",
    "\n",
    "the scores will be used as target for the model "
   ]
  },
  {
   "attachments": {},
   "cell_type": "markdown",
   "metadata": {},
   "source": [
    "| name              |      mean |        std |   skewness |   kurtosis |\n",
    "|:------------------|----------:|-----------:|-----------:|-----------:|\n",
    "| Style             |  55.5705  |  32.3737   | -0.0196824 |  -1.18762  |\n",
    "| Brewery           | 296.225   | 169.184    | -0.178968  |  -1.2789   |\n",
    "| ABV               |   6.52669 |   2.547    |  3.67993   |  55.2444   |\n",
    "| Min IBU           |  21.1805  |  13.2422   |  1.09326   |   1.32465  |\n",
    "| Max IBU           |  38.9869  |  21.3553   |  0.99054   |   0.977638 |\n",
    "| Astringency       |  16.5158  |  10.4107   |  1.31567   |   2.7722   |\n",
    "| Body              |  46.1295  |  25.9478   |  1.14028   |   1.61526  |\n",
    "| Alcohol           |  17.056   |  17.3313   |  2.23306   |   6.28596  |\n",
    "| Bitter            |  36.3644  |  25.7912   |  1.00606   |   0.938633 |\n",
    "| Sweet             |  58.2709  |  34.2813   |  0.905323  |   1.31787  |\n",
    "| Sour              |  33.1454  |  35.7802   |  2.52257   |   7.85566  |\n",
    "| Salty             |   1.0172  |   2.13265  |  7.53925   | 115.175    |\n",
    "| Fruits            |  38.5296  |  32.2966   |  0.944666  |   0.220681 |\n",
    "| Hoppy             |  40.9246  |  30.4036   |  1.10125   |   0.909249 |\n",
    "| Spices            |  18.3456  |  23.7566   |  2.89396   |  10.4379   |\n",
    "| Malty             |  75.3309  |  39.9093   |  0.382408  |  -0.195185 |\n",
    "| review_aroma      |   3.63879 |   0.503209 | -1.09663   |   1.739    |\n",
    "| review_appearance |   3.75439 |   0.403416 | -1.41173   |   2.90485  |\n",
    "| review_palate     |   3.66043 |   0.449937 | -1.19533   |   2.19325  |\n",
    "| review_taste      |   3.7025  |   0.510361 | -1.15676   |   1.9346   |\n",
    "| review_overall    |   3.74752 |   0.444288 | -1.31737   |   2.72505  |\n",
    "| number_of_reviews | 233.285   | 361.812    |  3.02845   |  11.8498   |"
   ]
  },
  {
   "cell_type": "code",
   "execution_count": 1910,
   "metadata": {},
   "outputs": [],
   "source": [
    "\n",
    "def describe_columns(dataset):\n",
    "    # create an empty dataframe to store the results\n",
    "    results = pd.DataFrame(columns=[\"name\",'mean', 'std', 'skewness', 'kurtosis'])\n",
    "    \n",
    "    # iterate over each column in the dataset\n",
    "    for col in dataset.columns:\n",
    "\n",
    "        if (dataset[col].dtypes == float or dataset[col].dtypes == np.int64):\n",
    "        # calculate the mean, standard deviation, skewness, and kurtosis\n",
    "            \n",
    "            mean = dataset[col].mean()\n",
    "            std = dataset[col].std()\n",
    "            skewness = skew(dataset[col])\n",
    "            kurt = kurtosis(dataset[col])\n",
    "            results.loc[col] = [ col, mean, std, skewness, kurt]\n",
    "\n",
    "       \n",
    "        \n",
    "    return results"
   ]
  },
  {
   "cell_type": "code",
   "execution_count": 1911,
   "metadata": {},
   "outputs": [
    {
     "name": "stdout",
     "output_type": "stream",
     "text": [
      "11\n",
      "934\n"
     ]
    }
   ],
   "source": [
    "nbr_style = df['Style'].nunique()\n",
    "print(nbr_style)\n",
    "nbr_brewery = df['Brewery'].nunique()\n",
    "print(nbr_brewery)"
   ]
  },
  {
   "cell_type": "code",
   "execution_count": 1912,
   "metadata": {},
   "outputs": [
    {
     "name": "stdout",
     "output_type": "stream",
     "text": [
      "20\n",
      "| name              |      mean |        std |   skewness |   kurtosis |\n",
      "|:------------------|----------:|-----------:|-----------:|-----------:|\n",
      "| ABV               |   6.52669 |   2.547    |   3.67993  |  55.2444   |\n",
      "| Min IBU           |  21.1805  |  13.2422   |   1.09326  |   1.32465  |\n",
      "| Max IBU           |  38.9869  |  21.3553   |   0.99054  |   0.977638 |\n",
      "| Astringency       |  16.5158  |  10.4107   |   1.31567  |   2.7722   |\n",
      "| Body              |  46.1295  |  25.9478   |   1.14028  |   1.61526  |\n",
      "| Alcohol           |  17.056   |  17.3313   |   2.23306  |   6.28596  |\n",
      "| Bitter            |  36.3644  |  25.7912   |   1.00606  |   0.938633 |\n",
      "| Sweet             |  58.2709  |  34.2813   |   0.905323 |   1.31787  |\n",
      "| Sour              |  33.1454  |  35.7802   |   2.52257  |   7.85566  |\n",
      "| Salty             |   1.0172  |   2.13265  |   7.53925  | 115.175    |\n",
      "| Fruits            |  38.5296  |  32.2966   |   0.944666 |   0.220681 |\n",
      "| Hoppy             |  40.9246  |  30.4036   |   1.10125  |   0.909249 |\n",
      "| Spices            |  18.3456  |  23.7566   |   2.89396  |  10.4379   |\n",
      "| Malty             |  75.3309  |  39.9093   |   0.382408 |  -0.195185 |\n",
      "| review_aroma      |   3.63879 |   0.503209 |  -1.09663  |   1.739    |\n",
      "| review_appearance |   3.75439 |   0.403416 |  -1.41173  |   2.90485  |\n",
      "| review_palate     |   3.66043 |   0.449937 |  -1.19533  |   2.19325  |\n",
      "| review_taste      |   3.7025  |   0.510361 |  -1.15676  |   1.9346   |\n",
      "| review_overall    |   3.74752 |   0.444288 |  -1.31737  |   2.72505  |\n",
      "| number_of_reviews | 233.285   | 361.812    |   3.02845  |  11.8498   |\n"
     ]
    }
   ],
   "source": [
    "table = describe_columns(df)\n",
    "print(len(table))\n",
    "markdown_table = table.to_markdown(index=False)\n",
    "print(markdown_table)"
   ]
  },
  {
   "cell_type": "code",
   "execution_count": 1913,
   "metadata": {},
   "outputs": [
    {
     "name": "stdout",
     "output_type": "stream",
     "text": [
      "(3197, 22)\n"
     ]
    },
    {
     "data": {
      "application/vnd.plotly.v1+json": {
       "config": {
        "plotlyServerURL": "https://plot.ly"
       },
       "data": [
        {
         "coloraxis": "coloraxis",
         "hovertemplate": "x: %{x}<br>y: %{y}<br>color: %{z}<extra></extra>",
         "name": "0",
         "type": "heatmap",
         "x": [
          "ABV",
          "Min IBU",
          "Max IBU",
          "Astringency",
          "Body",
          "Alcohol",
          "Bitter",
          "Sweet",
          "Sour",
          "Salty",
          "Fruits",
          "Hoppy",
          "Spices",
          "Malty",
          "review_aroma",
          "review_appearance",
          "review_palate",
          "review_taste",
          "review_overall",
          "number_of_reviews"
         ],
         "xaxis": "x",
         "y": [
          "ABV",
          "Min IBU",
          "Max IBU",
          "Astringency",
          "Body",
          "Alcohol",
          "Bitter",
          "Sweet",
          "Sour",
          "Salty",
          "Fruits",
          "Hoppy",
          "Spices",
          "Malty",
          "review_aroma",
          "review_appearance",
          "review_palate",
          "review_taste",
          "review_overall",
          "number_of_reviews"
         ],
         "yaxis": "y",
         "z": [
          [
           1,
           0.43200477665904574,
           0.5010372783119746,
           -0.16952051716577507,
           0.24167311788681703,
           0.6549081323635036,
           0.06738791508283876,
           0.46348749513500276,
           0.10079488302184561,
           -0.12008882919383904,
           0.29100109277727054,
           -0.05259620244165197,
           0.19146831112259513,
           0.16206017611718923,
           0.41619724615683845,
           0.34913871674655444,
           0.3925173324497407,
           0.3811995105532268,
           0.2518383122401136,
           0.14217647481509024
          ],
          [
           0.43200477665904574,
           1,
           0.8542480600507887,
           -0.07150127451953407,
           0.3253379041925936,
           0.32369407563839164,
           0.5394521554851789,
           0.22713877649606168,
           -0.07309795574359289,
           -0.05751176844051561,
           0.06633531965284262,
           0.40747531734544745,
           -0.0461517859190685,
           0.3000406724478305,
           0.34373013551156395,
           0.38090775266364507,
           0.35272349117227253,
           0.339885080757951,
           0.289971666247407,
           0.21982152585628406
          ],
          [
           0.5010372783119746,
           0.8542480600507887,
           1,
           -0.12027327734434598,
           0.3106166641156924,
           0.39281140170071044,
           0.47808036293411926,
           0.2772921758743726,
           -0.04327508004901294,
           -0.08321351751772345,
           0.17292850877520646,
           0.34516751941723006,
           0.04453345629487107,
           0.28821916236243894,
           0.3694556864027763,
           0.3796546130429575,
           0.35560783798624485,
           0.34655698907822774,
           0.27196911002078644,
           0.22157176687101618
          ],
          [
           -0.16952051716577507,
           -0.07150127451953407,
           -0.12027327734434598,
           1,
           -0.05953970774305938,
           -0.1719868781247495,
           0.11468597684445116,
           -0.02145639576338612,
           0.5710299129120371,
           0.34715503775566947,
           0.3452321317863023,
           0.3309508451545472,
           -0.08379501878024592,
           -0.08208536560219601,
           0.06857917206758755,
           0.07094825706471011,
           0.10695047976167632,
           0.09202076708070223,
           0.1597875128768486,
           -0.05006181359722321
          ],
          [
           0.24167311788681703,
           0.3253379041925936,
           0.3106166641156924,
           -0.05953970774305938,
           1,
           0.2688850065727633,
           0.5422364208696798,
           0.45884179682525456,
           -0.1267333137496675,
           -0.09927735210556797,
           -0.04815457264068544,
           0.07013822759162582,
           0.18512299231000692,
           0.7542281845837226,
           0.36023421182812543,
           0.4213314223351959,
           0.345269714916101,
           0.3650548810392072,
           0.31382440495783587,
           0.03905718011237272
          ],
          [
           0.6549081323635036,
           0.32369407563839164,
           0.39281140170071044,
           -0.1719868781247495,
           0.2688850065727633,
           1,
           0.009087782280761429,
           0.5270388893620067,
           0.048767387722872896,
           -0.09432929331845473,
           0.25429906332903723,
           -0.07994928814997322,
           0.2528757933387742,
           0.27010560808305495,
           0.24298928253092314,
           0.18469299563504687,
           0.20556912229440716,
           0.20670118168808124,
           0.06978876810912928,
           0.048345599584645946
          ],
          [
           0.06738791508283876,
           0.5394521554851789,
           0.47808036293411926,
           0.11468597684445116,
           0.5422364208696798,
           0.009087782280761429,
           1,
           0.09170546736299781,
           -0.13691368779295057,
           0.0046928247751188285,
           -0.09344986422707176,
           0.7128867533688303,
           -0.08404810274876928,
           0.565570029162079,
           0.241456529108836,
           0.33185394415509345,
           0.25726679730226554,
           0.2533732926955554,
           0.26087406999180285,
           0.11202585596088833
          ],
          [
           0.46348749513500276,
           0.22713877649606168,
           0.2772921758743726,
           -0.02145639576338612,
           0.45884179682525456,
           0.5270388893620067,
           0.09170546736299781,
           1,
           0.25791256079784786,
           -0.13191783352449574,
           0.4820299442835623,
           -0.03432744915907549,
           0.10754762278775094,
           0.4710319651832938,
           0.3565137920263399,
           0.33231063981131787,
           0.3157673130128866,
           0.32227711739879933,
           0.20729346564619205,
           0.048486712925610645
          ],
          [
           0.10079488302184561,
           -0.07309795574359289,
           -0.04327508004901294,
           0.5710299129120371,
           -0.1267333137496675,
           0.048767387722872896,
           -0.13691368779295057,
           0.25791256079784786,
           1,
           0.09817284186732218,
           0.7858825416364535,
           0.06889460699706648,
           0.0018310364731186773,
           -0.30326637348114505,
           0.28931961099919484,
           0.20481689880415982,
           0.24516869381765807,
           0.24431417862792837,
           0.21344859990565876,
           0.006642086083797162
          ],
          [
           -0.12008882919383904,
           -0.05751176844051561,
           -0.08321351751772345,
           0.34715503775566947,
           -0.09927735210556797,
           -0.09432929331845473,
           0.0046928247751188285,
           -0.13191783352449574,
           0.09817284186732218,
           1,
           0.02691958490838415,
           0.17260617792048957,
           -0.023078823311561115,
           -0.02824128919842652,
           -0.08820980834405952,
           -0.08138801604957045,
           -0.038413240816782185,
           -0.05747906971692455,
           -0.00819874951213658,
           -0.029680014522977815
          ],
          [
           0.29100109277727054,
           0.06633531965284262,
           0.17292850877520646,
           0.3452321317863023,
           -0.04815457264068544,
           0.25429906332903723,
           -0.09344986422707176,
           0.4820299442835623,
           0.7858825416364535,
           0.02691958490838415,
           1,
           0.11040733803908562,
           0.14828126418593876,
           -0.1968896890781521,
           0.38667569643848027,
           0.28859444715293475,
           0.32490572801845724,
           0.31968968315435864,
           0.2615043986833805,
           0.10622342939329302
          ],
          [
           -0.05259620244165197,
           0.40747531734544745,
           0.34516751941723006,
           0.3309508451545472,
           0.07013822759162582,
           -0.07994928814997322,
           0.7128867533688303,
           -0.03432744915907549,
           0.06889460699706648,
           0.17260617792048957,
           0.11040733803908562,
           1,
           -0.13196370673594826,
           0.19576698274906149,
           0.099831963806131,
           0.18022355568974965,
           0.1598587944014695,
           0.12555954089203167,
           0.1750713081232067,
           0.09380041954379695
          ],
          [
           0.19146831112259513,
           -0.0461517859190685,
           0.04453345629487107,
           -0.08379501878024592,
           0.18512299231000692,
           0.2528757933387742,
           -0.08404810274876928,
           0.10754762278775094,
           0.0018310364731186773,
           -0.023078823311561115,
           0.14828126418593876,
           -0.13196370673594826,
           1,
           0.06139855645412414,
           0.2723115578771355,
           0.1960142902569055,
           0.19902386887897125,
           0.21736483543663482,
           0.14112513697996393,
           -0.014846775825126285
          ],
          [
           0.16206017611718923,
           0.3000406724478305,
           0.28821916236243894,
           -0.08208536560219601,
           0.7542281845837226,
           0.27010560808305495,
           0.565570029162079,
           0.4710319651832938,
           -0.30326637348114505,
           -0.02824128919842652,
           -0.1968896890781521,
           0.19576698274906149,
           0.06139855645412414,
           1,
           0.20566480366557932,
           0.2880894663527059,
           0.2310316122719316,
           0.23662389640496115,
           0.2129895580040338,
           0.006597591846421906
          ],
          [
           0.41619724615683845,
           0.34373013551156395,
           0.3694556864027763,
           0.06857917206758755,
           0.36023421182812543,
           0.24298928253092314,
           0.241456529108836,
           0.3565137920263399,
           0.28931961099919484,
           -0.08820980834405952,
           0.38667569643848027,
           0.099831963806131,
           0.2723115578771355,
           0.20566480366557932,
           1,
           0.8556294488178624,
           0.9074330781952731,
           0.9366701917449554,
           0.8705038908535987,
           0.17403328727695824
          ],
          [
           0.34913871674655444,
           0.38090775266364507,
           0.3796546130429575,
           0.07094825706471011,
           0.4213314223351959,
           0.18469299563504687,
           0.33185394415509345,
           0.33231063981131787,
           0.20481689880415982,
           -0.08138801604957045,
           0.28859444715293475,
           0.18022355568974965,
           0.1960142902569055,
           0.2880894663527059,
           0.8556294488178624,
           1,
           0.8699784091128824,
           0.850692773780748,
           0.8134435768523877,
           0.1912128716387045
          ],
          [
           0.3925173324497407,
           0.35272349117227253,
           0.35560783798624485,
           0.10695047976167632,
           0.345269714916101,
           0.20556912229440716,
           0.25726679730226554,
           0.3157673130128866,
           0.24516869381765807,
           -0.038413240816782185,
           0.32490572801845724,
           0.1598587944014695,
           0.19902386887897125,
           0.2310316122719316,
           0.9074330781952731,
           0.8699784091128824,
           1,
           0.9465200003969034,
           0.9181541750546913,
           0.18563093591002836
          ],
          [
           0.3811995105532268,
           0.339885080757951,
           0.34655698907822774,
           0.09202076708070223,
           0.3650548810392072,
           0.20670118168808124,
           0.2533732926955554,
           0.32227711739879933,
           0.24431417862792837,
           -0.05747906971692455,
           0.31968968315435864,
           0.12555954089203167,
           0.21736483543663482,
           0.23662389640496115,
           0.9366701917449554,
           0.850692773780748,
           0.9465200003969034,
           1,
           0.9371015801964362,
           0.1905878550904916
          ],
          [
           0.2518383122401136,
           0.289971666247407,
           0.27196911002078644,
           0.1597875128768486,
           0.31382440495783587,
           0.06978876810912928,
           0.26087406999180285,
           0.20729346564619205,
           0.21344859990565876,
           -0.00819874951213658,
           0.2615043986833805,
           0.1750713081232067,
           0.14112513697996393,
           0.2129895580040338,
           0.8705038908535987,
           0.8134435768523877,
           0.9181541750546913,
           0.9371015801964362,
           1,
           0.17651138884966508
          ],
          [
           0.14217647481509024,
           0.21982152585628406,
           0.22157176687101618,
           -0.05006181359722321,
           0.03905718011237272,
           0.048345599584645946,
           0.11202585596088833,
           0.048486712925610645,
           0.006642086083797162,
           -0.029680014522977815,
           0.10622342939329302,
           0.09380041954379695,
           -0.014846775825126285,
           0.006597591846421906,
           0.17403328727695824,
           0.1912128716387045,
           0.18563093591002836,
           0.1905878550904916,
           0.17651138884966508,
           1
          ]
         ]
        }
       ],
       "layout": {
        "coloraxis": {
         "colorscale": [
          [
           0,
           "#0d0887"
          ],
          [
           0.1111111111111111,
           "#46039f"
          ],
          [
           0.2222222222222222,
           "#7201a8"
          ],
          [
           0.3333333333333333,
           "#9c179e"
          ],
          [
           0.4444444444444444,
           "#bd3786"
          ],
          [
           0.5555555555555556,
           "#d8576b"
          ],
          [
           0.6666666666666666,
           "#ed7953"
          ],
          [
           0.7777777777777778,
           "#fb9f3a"
          ],
          [
           0.8888888888888888,
           "#fdca26"
          ],
          [
           1,
           "#f0f921"
          ]
         ]
        },
        "template": {
         "data": {
          "bar": [
           {
            "error_x": {
             "color": "#2a3f5f"
            },
            "error_y": {
             "color": "#2a3f5f"
            },
            "marker": {
             "line": {
              "color": "#E5ECF6",
              "width": 0.5
             },
             "pattern": {
              "fillmode": "overlay",
              "size": 10,
              "solidity": 0.2
             }
            },
            "type": "bar"
           }
          ],
          "barpolar": [
           {
            "marker": {
             "line": {
              "color": "#E5ECF6",
              "width": 0.5
             },
             "pattern": {
              "fillmode": "overlay",
              "size": 10,
              "solidity": 0.2
             }
            },
            "type": "barpolar"
           }
          ],
          "carpet": [
           {
            "aaxis": {
             "endlinecolor": "#2a3f5f",
             "gridcolor": "white",
             "linecolor": "white",
             "minorgridcolor": "white",
             "startlinecolor": "#2a3f5f"
            },
            "baxis": {
             "endlinecolor": "#2a3f5f",
             "gridcolor": "white",
             "linecolor": "white",
             "minorgridcolor": "white",
             "startlinecolor": "#2a3f5f"
            },
            "type": "carpet"
           }
          ],
          "choropleth": [
           {
            "colorbar": {
             "outlinewidth": 0,
             "ticks": ""
            },
            "type": "choropleth"
           }
          ],
          "contour": [
           {
            "colorbar": {
             "outlinewidth": 0,
             "ticks": ""
            },
            "colorscale": [
             [
              0,
              "#0d0887"
             ],
             [
              0.1111111111111111,
              "#46039f"
             ],
             [
              0.2222222222222222,
              "#7201a8"
             ],
             [
              0.3333333333333333,
              "#9c179e"
             ],
             [
              0.4444444444444444,
              "#bd3786"
             ],
             [
              0.5555555555555556,
              "#d8576b"
             ],
             [
              0.6666666666666666,
              "#ed7953"
             ],
             [
              0.7777777777777778,
              "#fb9f3a"
             ],
             [
              0.8888888888888888,
              "#fdca26"
             ],
             [
              1,
              "#f0f921"
             ]
            ],
            "type": "contour"
           }
          ],
          "contourcarpet": [
           {
            "colorbar": {
             "outlinewidth": 0,
             "ticks": ""
            },
            "type": "contourcarpet"
           }
          ],
          "heatmap": [
           {
            "colorbar": {
             "outlinewidth": 0,
             "ticks": ""
            },
            "colorscale": [
             [
              0,
              "#0d0887"
             ],
             [
              0.1111111111111111,
              "#46039f"
             ],
             [
              0.2222222222222222,
              "#7201a8"
             ],
             [
              0.3333333333333333,
              "#9c179e"
             ],
             [
              0.4444444444444444,
              "#bd3786"
             ],
             [
              0.5555555555555556,
              "#d8576b"
             ],
             [
              0.6666666666666666,
              "#ed7953"
             ],
             [
              0.7777777777777778,
              "#fb9f3a"
             ],
             [
              0.8888888888888888,
              "#fdca26"
             ],
             [
              1,
              "#f0f921"
             ]
            ],
            "type": "heatmap"
           }
          ],
          "heatmapgl": [
           {
            "colorbar": {
             "outlinewidth": 0,
             "ticks": ""
            },
            "colorscale": [
             [
              0,
              "#0d0887"
             ],
             [
              0.1111111111111111,
              "#46039f"
             ],
             [
              0.2222222222222222,
              "#7201a8"
             ],
             [
              0.3333333333333333,
              "#9c179e"
             ],
             [
              0.4444444444444444,
              "#bd3786"
             ],
             [
              0.5555555555555556,
              "#d8576b"
             ],
             [
              0.6666666666666666,
              "#ed7953"
             ],
             [
              0.7777777777777778,
              "#fb9f3a"
             ],
             [
              0.8888888888888888,
              "#fdca26"
             ],
             [
              1,
              "#f0f921"
             ]
            ],
            "type": "heatmapgl"
           }
          ],
          "histogram": [
           {
            "marker": {
             "pattern": {
              "fillmode": "overlay",
              "size": 10,
              "solidity": 0.2
             }
            },
            "type": "histogram"
           }
          ],
          "histogram2d": [
           {
            "colorbar": {
             "outlinewidth": 0,
             "ticks": ""
            },
            "colorscale": [
             [
              0,
              "#0d0887"
             ],
             [
              0.1111111111111111,
              "#46039f"
             ],
             [
              0.2222222222222222,
              "#7201a8"
             ],
             [
              0.3333333333333333,
              "#9c179e"
             ],
             [
              0.4444444444444444,
              "#bd3786"
             ],
             [
              0.5555555555555556,
              "#d8576b"
             ],
             [
              0.6666666666666666,
              "#ed7953"
             ],
             [
              0.7777777777777778,
              "#fb9f3a"
             ],
             [
              0.8888888888888888,
              "#fdca26"
             ],
             [
              1,
              "#f0f921"
             ]
            ],
            "type": "histogram2d"
           }
          ],
          "histogram2dcontour": [
           {
            "colorbar": {
             "outlinewidth": 0,
             "ticks": ""
            },
            "colorscale": [
             [
              0,
              "#0d0887"
             ],
             [
              0.1111111111111111,
              "#46039f"
             ],
             [
              0.2222222222222222,
              "#7201a8"
             ],
             [
              0.3333333333333333,
              "#9c179e"
             ],
             [
              0.4444444444444444,
              "#bd3786"
             ],
             [
              0.5555555555555556,
              "#d8576b"
             ],
             [
              0.6666666666666666,
              "#ed7953"
             ],
             [
              0.7777777777777778,
              "#fb9f3a"
             ],
             [
              0.8888888888888888,
              "#fdca26"
             ],
             [
              1,
              "#f0f921"
             ]
            ],
            "type": "histogram2dcontour"
           }
          ],
          "mesh3d": [
           {
            "colorbar": {
             "outlinewidth": 0,
             "ticks": ""
            },
            "type": "mesh3d"
           }
          ],
          "parcoords": [
           {
            "line": {
             "colorbar": {
              "outlinewidth": 0,
              "ticks": ""
             }
            },
            "type": "parcoords"
           }
          ],
          "pie": [
           {
            "automargin": true,
            "type": "pie"
           }
          ],
          "scatter": [
           {
            "marker": {
             "colorbar": {
              "outlinewidth": 0,
              "ticks": ""
             }
            },
            "type": "scatter"
           }
          ],
          "scatter3d": [
           {
            "line": {
             "colorbar": {
              "outlinewidth": 0,
              "ticks": ""
             }
            },
            "marker": {
             "colorbar": {
              "outlinewidth": 0,
              "ticks": ""
             }
            },
            "type": "scatter3d"
           }
          ],
          "scattercarpet": [
           {
            "marker": {
             "colorbar": {
              "outlinewidth": 0,
              "ticks": ""
             }
            },
            "type": "scattercarpet"
           }
          ],
          "scattergeo": [
           {
            "marker": {
             "colorbar": {
              "outlinewidth": 0,
              "ticks": ""
             }
            },
            "type": "scattergeo"
           }
          ],
          "scattergl": [
           {
            "marker": {
             "colorbar": {
              "outlinewidth": 0,
              "ticks": ""
             }
            },
            "type": "scattergl"
           }
          ],
          "scattermapbox": [
           {
            "marker": {
             "colorbar": {
              "outlinewidth": 0,
              "ticks": ""
             }
            },
            "type": "scattermapbox"
           }
          ],
          "scatterpolar": [
           {
            "marker": {
             "colorbar": {
              "outlinewidth": 0,
              "ticks": ""
             }
            },
            "type": "scatterpolar"
           }
          ],
          "scatterpolargl": [
           {
            "marker": {
             "colorbar": {
              "outlinewidth": 0,
              "ticks": ""
             }
            },
            "type": "scatterpolargl"
           }
          ],
          "scatterternary": [
           {
            "marker": {
             "colorbar": {
              "outlinewidth": 0,
              "ticks": ""
             }
            },
            "type": "scatterternary"
           }
          ],
          "surface": [
           {
            "colorbar": {
             "outlinewidth": 0,
             "ticks": ""
            },
            "colorscale": [
             [
              0,
              "#0d0887"
             ],
             [
              0.1111111111111111,
              "#46039f"
             ],
             [
              0.2222222222222222,
              "#7201a8"
             ],
             [
              0.3333333333333333,
              "#9c179e"
             ],
             [
              0.4444444444444444,
              "#bd3786"
             ],
             [
              0.5555555555555556,
              "#d8576b"
             ],
             [
              0.6666666666666666,
              "#ed7953"
             ],
             [
              0.7777777777777778,
              "#fb9f3a"
             ],
             [
              0.8888888888888888,
              "#fdca26"
             ],
             [
              1,
              "#f0f921"
             ]
            ],
            "type": "surface"
           }
          ],
          "table": [
           {
            "cells": {
             "fill": {
              "color": "#EBF0F8"
             },
             "line": {
              "color": "white"
             }
            },
            "header": {
             "fill": {
              "color": "#C8D4E3"
             },
             "line": {
              "color": "white"
             }
            },
            "type": "table"
           }
          ]
         },
         "layout": {
          "annotationdefaults": {
           "arrowcolor": "#2a3f5f",
           "arrowhead": 0,
           "arrowwidth": 1
          },
          "autotypenumbers": "strict",
          "coloraxis": {
           "colorbar": {
            "outlinewidth": 0,
            "ticks": ""
           }
          },
          "colorscale": {
           "diverging": [
            [
             0,
             "#8e0152"
            ],
            [
             0.1,
             "#c51b7d"
            ],
            [
             0.2,
             "#de77ae"
            ],
            [
             0.3,
             "#f1b6da"
            ],
            [
             0.4,
             "#fde0ef"
            ],
            [
             0.5,
             "#f7f7f7"
            ],
            [
             0.6,
             "#e6f5d0"
            ],
            [
             0.7,
             "#b8e186"
            ],
            [
             0.8,
             "#7fbc41"
            ],
            [
             0.9,
             "#4d9221"
            ],
            [
             1,
             "#276419"
            ]
           ],
           "sequential": [
            [
             0,
             "#0d0887"
            ],
            [
             0.1111111111111111,
             "#46039f"
            ],
            [
             0.2222222222222222,
             "#7201a8"
            ],
            [
             0.3333333333333333,
             "#9c179e"
            ],
            [
             0.4444444444444444,
             "#bd3786"
            ],
            [
             0.5555555555555556,
             "#d8576b"
            ],
            [
             0.6666666666666666,
             "#ed7953"
            ],
            [
             0.7777777777777778,
             "#fb9f3a"
            ],
            [
             0.8888888888888888,
             "#fdca26"
            ],
            [
             1,
             "#f0f921"
            ]
           ],
